0000000000000000
0000000000110011
0000000001010101
0000000001100110
0000000010010110
0000000010100101
0000000011000011
0000000011110000
0000000100000111
0000000100110100
0000000101010010
0000000101100001
0000000110010001
0000000110100010
0000000111000100
0000000111110111
0000001000011001
0000001000101010
0000001001001100
0000001001111111
0000001010001111
0000001010111100
0000001011011010
0000001011101001
0000001100011110
0000001100101101
0000001101001011
0000001101111000
0000001110001000
0000001110111011
0000001111011101
0000001111101110
0000010000011010
0000010000101001
0000010001001111
0000010001111100
0000010010001100
0000010010111111
0000010011011001
0000010011101010
0000010100011101
0000010100101110
0000010101001000
0000010101111011
0000010110001011
0000010110111000
0000010111011110
0000010111101101
0000011000000011
0000011000110000
0000011001010110
0000011001100101
0000011010010101
0000011010100110
0000011011000000
0000011011110011
0000011100000100
0000011100110111
0000011101010001
0000011101100010
0000011110010010
0000011110100001
0000011111000111
0000011111110100
0000100000001011
0000100000111000
0000100001011110
0000100001101101
0000100010011101
0000100010101110
0000100011001000
0000100011111011
0000100100001100
0000100100111111
0000100101011001
0000100101101010
0000100110011010
0000100110101001
0000100111001111
0000100111111100
0000101000010010
0000101000100001
0000101001000111
0000101001110100
0000101010000100
0000101010110111
0000101011010001
0000101011100010
0000101100010101
0000101100100110
0000101101000000
0000101101110011
0000101110000011
0000101110110000
0000101111010110
0000101111100101
0000110000010001
0000110000100010
0000110001000100
0000110001110111
0000110010000111
0000110010110100
0000110011010010
0000110011100001
0000110100010110
0000110100100101
0000110101000011
0000110101110000
0000110110000000
0000110110110011
0000110111010101
0000110111100110
0000111000001000
0000111000111011
0000111001011101
0000111001101110
0000111010011110
0000111010101101
0000111011001011
0000111011111000
0000111100001111
0000111100111100
0000111101011010
0000111101101001
0000111110011001
0000111110101010
0000111111001100
0000111111111111
0001000000011100
0001000000101111
0001000001001001
0001000001111010
0001000010001010
0001000010111001
0001000011011111
0001000011101100
0001000100011011
0001000100101000
0001000101001110
0001000101111101
0001000110001101
0001000110111110
0001000111011000
0001000111101011
0001001000000101
0001001000110110
0001001001010000
0001001001100011
0001001010010011
0001001010100000
0001001011000110
0001001011110101
0001001100000010
0001001100110001
0001001101010111
0001001101100100
0001001110010100
0001001110100111
0001001111000001
0001001111110010
0001010000000110
0001010000110101
0001010001010011
0001010001100000
0001010010010000
0001010010100011
0001010011000101
0001010011110110
0001010100000001
0001010100110010
0001010101010100
0001010101100111
0001010110010111
0001010110100100
0001010111000010
0001010111110001
0001011000011111
0001011000101100
0001011001001010
0001011001111001
0001011010001001
0001011010111010
0001011011011100
0001011011101111
0001011100011000
0001011100101011
0001011101001101
0001011101111110
0001011110001110
0001011110111101
0001011111011011
0001011111101000
0001100000010111
0001100000100100
0001100001000010
0001100001110001
0001100010000001
0001100010110010
0001100011010100
0001100011100111
0001100100010000
0001100100100011
0001100101000101
0001100101110110
0001100110000110
0001100110110101
0001100111010011
0001100111100000
0001101000001110
0001101000111101
0001101001011011
0001101001101000
0001101010011000
0001101010101011
0001101011001101
0001101011111110
0001101100001001
0001101100111010
0001101101011100
0001101101101111
0001101110011111
0001101110101100
0001101111001010
0001101111111001
0001110000001101
0001110000111110
0001110001011000
0001110001101011
0001110010011011
0001110010101000
0001110011001110
0001110011111101
0001110100001010
0001110100111001
0001110101011111
0001110101101100
0001110110011100
0001110110101111
0001110111001001
0001110111111010
0001111000010100
0001111000100111
0001111001000001
0001111001110010
0001111010000010
0001111010110001
0001111011010111
0001111011100100
0001111100010011
0001111100100000
0001111101000110
0001111101110101
0001111110000101
0001111110110110
0001111111010000
0001111111100011
0010000000001101
0010000000111110
0010000001011000
0010000001101011
0010000010011011
0010000010101000
0010000011001110
0010000011111101
0010000100001010
0010000100111001
0010000101011111
0010000101101100
0010000110011100
0010000110101111
0010000111001001
0010000111111010
0010001000010100
0010001000100111
0010001001000001
0010001001110010
0010001010000010
0010001010110001
0010001011010111
0010001011100100
0010001100010011
0010001100100000
0010001101000110
0010001101110101
0010001110000101
0010001110110110
0010001111010000
0010001111100011
0010010000010111
0010010000100100
0010010001000010
0010010001110001
0010010010000001
0010010010110010
0010010011010100
0010010011100111
0010010100010000
0010010100100011
0010010101000101
0010010101110110
0010010110000110
0010010110110101
0010010111010011
0010010111100000
0010011000001110
0010011000111101
0010011001011011
0010011001101000
0010011010011000
0010011010101011
0010011011001101
0010011011111110
0010011100001001
0010011100111010
0010011101011100
0010011101101111
0010011110011111
0010011110101100
0010011111001010
0010011111111001
0010100000000110
0010100000110101
0010100001010011
0010100001100000
0010100010010000
0010100010100011
0010100011000101
0010100011110110
0010100100000001
0010100100110010
0010100101010100
0010100101100111
0010100110010111
0010100110100100
0010100111000010
0010100111110001
0010101000011111
0010101000101100
0010101001001010
0010101001111001
0010101010001001
0010101010111010
0010101011011100
0010101011101111
0010101100011000
0010101100101011
0010101101001101
0010101101111110
0010101110001110
0010101110111101
0010101111011011
0010101111101000
0010110000011100
0010110000101111
0010110001001001
0010110001111010
0010110010001010
0010110010111001
0010110011011111
0010110011101100
0010110100011011
0010110100101000
0010110101001110
0010110101111101
0010110110001101
0010110110111110
0010110111011000
0010110111101011
0010111000000101
0010111000110110
0010111001010000
0010111001100011
0010111010010011
0010111010100000
0010111011000110
0010111011110101
0010111100000010
0010111100110001
0010111101010111
0010111101100100
0010111110010100
0010111110100111
0010111111000001
0010111111110010
0011000000010001
0011000000100010
0011000001000100
0011000001110111
0011000010000111
0011000010110100
0011000011010010
0011000011100001
0011000100010110
0011000100100101
0011000101000011
0011000101110000
0011000110000000
0011000110110011
0011000111010101
0011000111100110
0011001000001000
0011001000111011
0011001001011101
0011001001101110
0011001010011110
0011001010101101
0011001011001011
0011001011111000
0011001100001111
0011001100111100
0011001101011010
0011001101101001
0011001110011001
0011001110101010
0011001111001100
0011001111111111
0011010000001011
0011010000111000
0011010001011110
0011010001101101
0011010010011101
0011010010101110
0011010011001000
0011010011111011
0011010100001100
0011010100111111
0011010101011001
0011010101101010
0011010110011010
0011010110101001
0011010111001111
0011010111111100
0011011000010010
0011011000100001
0011011001000111
0011011001110100
0011011010000100
0011011010110111
0011011011010001
0011011011100010
0011011100010101
0011011100100110
0011011101000000
0011011101110011
0011011110000011
0011011110110000
0011011111010110
0011011111100101
0011100000011010
0011100000101001
0011100001001111
0011100001111100
0011100010001100
0011100010111111
0011100011011001
0011100011101010
0011100100011101
0011100100101110
0011100101001000
0011100101111011
0011100110001011
0011100110111000
0011100111011110
0011100111101101
0011101000000011
0011101000110000
0011101001010110
0011101001100101
0011101010010101
0011101010100110
0011101011000000
0011101011110011
0011101100000100
0011101100110111
0011101101010001
0011101101100010
0011101110010010
0011101110100001
0011101111000111
0011101111110100
0011110000000000
0011110000110011
0011110001010101
0011110001100110
0011110010010110
0011110010100101
0011110011000011
0011110011110000
0011110100000111
0011110100110100
0011110101010010
0011110101100001
0011110110010001
0011110110100010
0011110111000100
0011110111110111
0011111000011001
0011111000101010
0011111001001100
0011111001111111
0011111010001111
0011111010111100
0011111011011010
0011111011101001
0011111100011110
0011111100101101
0011111101001011
0011111101111000
0011111110001000
0011111110111011
0011111111011101
0011111111101110
0100000000001110
0100000000111101
0100000001011011
0100000001101000
0100000010011000
0100000010101011
0100000011001101
0100000011111110
0100000100001001
0100000100111010
0100000101011100
0100000101101111
0100000110011111
0100000110101100
0100000111001010
0100000111111001
0100001000010111
0100001000100100
0100001001000010
0100001001110001
0100001010000001
0100001010110010
0100001011010100
0100001011100111
0100001100010000
0100001100100011
0100001101000101
0100001101110110
0100001110000110
0100001110110101
0100001111010011
0100001111100000
0100010000010100
0100010000100111
0100010001000001
0100010001110010
0100010010000010
0100010010110001
0100010011010111
0100010011100100
0100010100010011
0100010100100000
0100010101000110
0100010101110101
0100010110000101
0100010110110110
0100010111010000
0100010111100011
0100011000001101
0100011000111110
0100011001011000
0100011001101011
0100011010011011
0100011010101000
0100011011001110
0100011011111101
0100011100001010
0100011100111001
0100011101011111
0100011101101100
0100011110011100
0100011110101111
0100011111001001
0100011111111010
0100100000000101
0100100000110110
0100100001010000
0100100001100011
0100100010010011
0100100010100000
0100100011000110
0100100011110101
0100100100000010
0100100100110001
0100100101010111
0100100101100100
0100100110010100
0100100110100111
0100100111000001
0100100111110010
0100101000011100
0100101000101111
0100101001001001
0100101001111010
0100101010001010
0100101010111001
0100101011011111
0100101011101100
0100101100011011
0100101100101000
0100101101001110
0100101101111101
0100101110001101
0100101110111110
0100101111011000
0100101111101011
0100110000011111
0100110000101100
0100110001001010
0100110001111001
0100110010001001
0100110010111010
0100110011011100
0100110011101111
0100110100011000
0100110100101011
0100110101001101
0100110101111110
0100110110001110
0100110110111101
0100110111011011
0100110111101000
0100111000000110
0100111000110101
0100111001010011
0100111001100000
0100111010010000
0100111010100011
0100111011000101
0100111011110110
0100111100000001
0100111100110010
0100111101010100
0100111101100111
0100111110010111
0100111110100100
0100111111000010
0100111111110001
0101000000010010
0101000000100001
0101000001000111
0101000001110100
0101000010000100
0101000010110111
0101000011010001
0101000011100010
0101000100010101
0101000100100110
0101000101000000
0101000101110011
0101000110000011
0101000110110000
0101000111010110
0101000111100101
0101001000001011
0101001000111000
0101001001011110
0101001001101101
0101001010011101
0101001010101110
0101001011001000
0101001011111011
0101001100001100
0101001100111111
0101001101011001
0101001101101010
0101001110011010
0101001110101001
0101001111001111
0101001111111100
0101010000001000
0101010000111011
0101010001011101
0101010001101110
0101010010011110
0101010010101101
0101010011001011
0101010011111000
0101010100001111
0101010100111100
0101010101011010
0101010101101001
0101010110011001
0101010110101010
0101010111001100
0101010111111111
0101011000010001
0101011000100010
0101011001000100
0101011001110111
0101011010000111
0101011010110100
0101011011010010
0101011011100001
0101011100010110
0101011100100101
0101011101000011
0101011101110000
0101011110000000
0101011110110011
0101011111010101
0101011111100110
0101100000011001
0101100000101010
0101100001001100
0101100001111111
0101100010001111
0101100010111100
0101100011011010
0101100011101001
0101100100011110
0101100100101101
0101100101001011
0101100101111000
0101100110001000
0101100110111011
0101100111011101
0101100111101110
0101101000000000
0101101000110011
0101101001010101
0101101001100110
0101101010010110
0101101010100101
0101101011000011
0101101011110000
0101101100000111
0101101100110100
0101101101010010
0101101101100001
0101101110010001
0101101110100010
0101101111000100
0101101111110111
0101110000000011
0101110000110000
0101110001010110
0101110001100101
0101110010010101
0101110010100110
0101110011000000
0101110011110011
0101110100000100
0101110100110111
0101110101010001
0101110101100010
0101110110010010
0101110110100001
0101110111000111
0101110111110100
0101111000011010
0101111000101001
0101111001001111
0101111001111100
0101111010001100
0101111010111111
0101111011011001
0101111011101010
0101111100011101
0101111100101110
0101111101001000
0101111101111011
0101111110001011
0101111110111000
0101111111011110
0101111111101101
0110000000000011
0110000000110000
0110000001010110
0110000001100101
0110000010010101
0110000010100110
0110000011000000
0110000011110011
0110000100000100
0110000100110111
0110000101010001
0110000101100010
0110000110010010
0110000110100001
0110000111000111
0110000111110100
0110001000011010
0110001000101001
0110001001001111
0110001001111100
0110001010001100
0110001010111111
0110001011011001
0110001011101010
0110001100011101
0110001100101110
0110001101001000
0110001101111011
0110001110001011
0110001110111000
0110001111011110
0110001111101101
0110010000011001
0110010000101010
0110010001001100
0110010001111111
0110010010001111
0110010010111100
0110010011011010
0110010011101001
0110010100011110
0110010100101101
0110010101001011
0110010101111000
0110010110001000
0110010110111011
0110010111011101
0110010111101110
0110011000000000
0110011000110011
0110011001010101
0110011001100110
0110011010010110
0110011010100101
0110011011000011
0110011011110000
0110011100000111
0110011100110100
0110011101010010
0110011101100001
0110011110010001
0110011110100010
0110011111000100
0110011111110111
0110100000001000
0110100000111011
0110100001011101
0110100001101110
0110100010011110
0110100010101101
0110100011001011
0110100011111000
0110100100001111
0110100100111100
0110100101011010
0110100101101001
0110100110011001
0110100110101010
0110100111001100
0110100111111111
0110101000010001
0110101000100010
0110101001000100
0110101001110111
0110101010000111
0110101010110100
0110101011010010
0110101011100001
0110101100010110
0110101100100101
0110101101000011
0110101101110000
0110101110000000
0110101110110011
0110101111010101
0110101111100110
0110110000010010
0110110000100001
0110110001000111
0110110001110100
0110110010000100
0110110010110111
0110110011010001
0110110011100010
0110110100010101
0110110100100110
0110110101000000
0110110101110011
0110110110000011
0110110110110000
0110110111010110
0110110111100101
0110111000001011
0110111000111000
0110111001011110
0110111001101101
0110111010011101
0110111010101110
0110111011001000
0110111011111011
0110111100001100
0110111100111111
0110111101011001
0110111101101010
0110111110011010
0110111110101001
0110111111001111
0110111111111100
0111000000011111
0111000000101100
0111000001001010
0111000001111001
0111000010001001
0111000010111010
0111000011011100
0111000011101111
0111000100011000
0111000100101011
0111000101001101
0111000101111110
0111000110001110
0111000110111101
0111000111011011
0111000111101000
0111001000000110
0111001000110101
0111001001010011
0111001001100000
0111001010010000
0111001010100011
0111001011000101
0111001011110110
0111001100000001
0111001100110010
0111001101010100
0111001101100111
0111001110010111
0111001110100100
0111001111000010
0111001111110001
0111010000000101
0111010000110110
0111010001010000
0111010001100011
0111010010010011
0111010010100000
0111010011000110
0111010011110101
0111010100000010
0111010100110001
0111010101010111
0111010101100100
0111010110010100
0111010110100111
0111010111000001
0111010111110010
0111011000011100
0111011000101111
0111011001001001
0111011001111010
0111011010001010
0111011010111001
0111011011011111
0111011011101100
0111011100011011
0111011100101000
0111011101001110
0111011101111101
0111011110001101
0111011110111110
0111011111011000
0111011111101011
0111100000010100
0111100000100111
0111100001000001
0111100001110010
0111100010000010
0111100010110001
0111100011010111
0111100011100100
0111100100010011
0111100100100000
0111100101000110
0111100101110101
0111100110000101
0111100110110110
0111100111010000
0111100111100011
0111101000001101
0111101000111110
0111101001011000
0111101001101011
0111101010011011
0111101010101000
0111101011001110
0111101011111101
0111101100001010
0111101100111001
0111101101011111
0111101101101100
0111101110011100
0111101110101111
0111101111001001
0111101111111010
0111110000001110
0111110000111101
0111110001011011
0111110001101000
0111110010011000
0111110010101011
0111110011001101
0111110011111110
0111110100001001
0111110100111010
0111110101011100
0111110101101111
0111110110011111
0111110110101100
0111110111001010
0111110111111001
0111111000010111
0111111000100100
0111111001000010
0111111001110001
0111111010000001
0111111010110010
0111111011010100
0111111011100111
0111111100010000
0111111100100011
0111111101000101
0111111101110110
0111111110000110
0111111110110101
0111111111010011
0111111111100000
1000000000011111
1000000000101100
1000000001001010
1000000001111001
1000000010001001
1000000010111010
1000000011011100
1000000011101111
1000000100011000
1000000100101011
1000000101001101
1000000101111110
1000000110001110
1000000110111101
1000000111011011
1000000111101000
1000001000000110
1000001000110101
1000001001010011
1000001001100000
1000001010010000
1000001010100011
1000001011000101
1000001011110110
1000001100000001
1000001100110010
1000001101010100
1000001101100111
1000001110010111
1000001110100100
1000001111000010
1000001111110001
1000010000000101
1000010000110110
1000010001010000
1000010001100011
1000010010010011
1000010010100000
1000010011000110
1000010011110101
1000010100000010
1000010100110001
1000010101010111
1000010101100100
1000010110010100
1000010110100111
1000010111000001
1000010111110010
1000011000011100
1000011000101111
1000011001001001
1000011001111010
1000011010001010
1000011010111001
1000011011011111
1000011011101100
1000011100011011
1000011100101000
1000011101001110
1000011101111101
1000011110001101
1000011110111110
1000011111011000
1000011111101011
1000100000010100
1000100000100111
1000100001000001
1000100001110010
1000100010000010
1000100010110001
1000100011010111
1000100011100100
1000100100010011
1000100100100000
1000100101000110
1000100101110101
1000100110000101
1000100110110110
1000100111010000
1000100111100011
1000101000001101
1000101000111110
1000101001011000
1000101001101011
1000101010011011
1000101010101000
1000101011001110
1000101011111101
1000101100001010
1000101100111001
1000101101011111
1000101101101100
1000101110011100
1000101110101111
1000101111001001
1000101111111010
1000110000001110
1000110000111101
1000110001011011
1000110001101000
1000110010011000
1000110010101011
1000110011001101
1000110011111110
1000110100001001
1000110100111010
1000110101011100
1000110101101111
1000110110011111
1000110110101100
1000110111001010
1000110111111001
1000111000010111
1000111000100100
1000111001000010
1000111001110001
1000111010000001
1000111010110010
1000111011010100
1000111011100111
1000111100010000
1000111100100011
1000111101000101
1000111101110110
1000111110000110
1000111110110101
1000111111010011
1000111111100000
1001000000000011
1001000000110000
1001000001010110
1001000001100101
1001000010010101
1001000010100110
1001000011000000
1001000011110011
1001000100000100
1001000100110111
1001000101010001
1001000101100010
1001000110010010
1001000110100001
1001000111000111
1001000111110100
1001001000011010
1001001000101001
1001001001001111
1001001001111100
1001001010001100
1001001010111111
1001001011011001
1001001011101010
1001001100011101
1001001100101110
1001001101001000
1001001101111011
1001001110001011
1001001110111000
1001001111011110
1001001111101101
1001010000011001
1001010000101010
1001010001001100
1001010001111111
1001010010001111
1001010010111100
1001010011011010
1001010011101001
1001010100011110
1001010100101101
1001010101001011
1001010101111000
1001010110001000
1001010110111011
1001010111011101
1001010111101110
1001011000000000
1001011000110011
1001011001010101
1001011001100110
1001011010010110
1001011010100101
1001011011000011
1001011011110000
1001011100000111
1001011100110100
1001011101010010
1001011101100001
1001011110010001
1001011110100010
1001011111000100
1001011111110111
1001100000001000
1001100000111011
1001100001011101
1001100001101110
1001100010011110
1001100010101101
1001100011001011
1001100011111000
1001100100001111
1001100100111100
1001100101011010
1001100101101001
1001100110011001
1001100110101010
1001100111001100
1001100111111111
1001101000010001
1001101000100010
1001101001000100
1001101001110111
1001101010000111
1001101010110100
1001101011010010
1001101011100001
1001101100010110
1001101100100101
1001101101000011
1001101101110000
1001101110000000
1001101110110011
1001101111010101
1001101111100110
1001110000010010
1001110000100001
1001110001000111
1001110001110100
1001110010000100
1001110010110111
1001110011010001
1001110011100010
1001110100010101
1001110100100110
1001110101000000
1001110101110011
1001110110000011
1001110110110000
1001110111010110
1001110111100101
1001111000001011
1001111000111000
1001111001011110
1001111001101101
1001111010011101
1001111010101110
1001111011001000
1001111011111011
1001111100001100
1001111100111111
1001111101011001
1001111101101010
1001111110011010
1001111110101001
1001111111001111
1001111111111100
1010000000010010
1010000000100001
1010000001000111
1010000001110100
1010000010000100
1010000010110111
1010000011010001
1010000011100010
1010000100010101
1010000100100110
1010000101000000
1010000101110011
1010000110000011
1010000110110000
1010000111010110
1010000111100101
1010001000001011
1010001000111000
1010001001011110
1010001001101101
1010001010011101
1010001010101110
1010001011001000
1010001011111011
1010001100001100
1010001100111111
1010001101011001
1010001101101010
1010001110011010
1010001110101001
1010001111001111
1010001111111100
1010010000001000
1010010000111011
1010010001011101
1010010001101110
1010010010011110
1010010010101101
1010010011001011
1010010011111000
1010010100001111
1010010100111100
1010010101011010
1010010101101001
1010010110011001
1010010110101010
1010010111001100
1010010111111111
1010011000010001
1010011000100010
1010011001000100
1010011001110111
1010011010000111
1010011010110100
1010011011010010
1010011011100001
1010011100010110
1010011100100101
1010011101000011
1010011101110000
1010011110000000
1010011110110011
1010011111010101
1010011111100110
1010100000011001
1010100000101010
1010100001001100
1010100001111111
1010100010001111
1010100010111100
1010100011011010
1010100011101001
1010100100011110
1010100100101101
1010100101001011
1010100101111000
1010100110001000
1010100110111011
1010100111011101
1010100111101110
1010101000000000
1010101000110011
1010101001010101
1010101001100110
1010101010010110
1010101010100101
1010101011000011
1010101011110000
1010101100000111
1010101100110100
1010101101010010
1010101101100001
1010101110010001
1010101110100010
1010101111000100
1010101111110111
1010110000000011
1010110000110000
1010110001010110
1010110001100101
1010110010010101
1010110010100110
1010110011000000
1010110011110011
1010110100000100
1010110100110111
1010110101010001
1010110101100010
1010110110010010
1010110110100001
1010110111000111
1010110111110100
1010111000011010
1010111000101001
1010111001001111
1010111001111100
1010111010001100
1010111010111111
1010111011011001
1010111011101010
1010111100011101
1010111100101110
1010111101001000
1010111101111011
1010111110001011
1010111110111000
1010111111011110
1010111111101101
1011000000001110
1011000000111101
1011000001011011
1011000001101000
1011000010011000
1011000010101011
1011000011001101
1011000011111110
1011000100001001
1011000100111010
1011000101011100
1011000101101111
1011000110011111
1011000110101100
1011000111001010
1011000111111001
1011001000010111
1011001000100100
1011001001000010
1011001001110001
1011001010000001
1011001010110010
1011001011010100
1011001011100111
1011001100010000
1011001100100011
1011001101000101
1011001101110110
1011001110000110
1011001110110101
1011001111010011
1011001111100000
1011010000010100
1011010000100111
1011010001000001
1011010001110010
1011010010000010
1011010010110001
1011010011010111
1011010011100100
1011010100010011
1011010100100000
1011010101000110
1011010101110101
1011010110000101
1011010110110110
1011010111010000
1011010111100011
1011011000001101
1011011000111110
1011011001011000
1011011001101011
1011011010011011
1011011010101000
1011011011001110
1011011011111101
1011011100001010
1011011100111001
1011011101011111
1011011101101100
1011011110011100
1011011110101111
1011011111001001
1011011111111010
1011100000000101
1011100000110110
1011100001010000
1011100001100011
1011100010010011
1011100010100000
1011100011000110
1011100011110101
1011100100000010
1011100100110001
1011100101010111
1011100101100100
1011100110010100
1011100110100111
1011100111000001
1011100111110010
1011101000011100
1011101000101111
1011101001001001
1011101001111010
1011101010001010
1011101010111001
1011101011011111
1011101011101100
1011101100011011
1011101100101000
1011101101001110
1011101101111101
1011101110001101
1011101110111110
1011101111011000
1011101111101011
1011110000011111
1011110000101100
1011110001001010
1011110001111001
1011110010001001
1011110010111010
1011110011011100
1011110011101111
1011110100011000
1011110100101011
1011110101001101
1011110101111110
1011110110001110
1011110110111101
1011110111011011
1011110111101000
1011111000000110
1011111000110101
1011111001010011
1011111001100000
1011111010010000
1011111010100011
1011111011000101
1011111011110110
1011111100000001
1011111100110010
1011111101010100
1011111101100111
1011111110010111
1011111110100100
1011111111000010
1011111111110001
1100000000010001
1100000000100010
1100000001000100
1100000001110111
1100000010000111
1100000010110100
1100000011010010
1100000011100001
1100000100010110
1100000100100101
1100000101000011
1100000101110000
1100000110000000
1100000110110011
1100000111010101
1100000111100110
1100001000001000
1100001000111011
1100001001011101
1100001001101110
1100001010011110
1100001010101101
1100001011001011
1100001011111000
1100001100001111
1100001100111100
1100001101011010
1100001101101001
1100001110011001
1100001110101010
1100001111001100
1100001111111111
1100010000001011
1100010000111000
1100010001011110
1100010001101101
1100010010011101
1100010010101110
1100010011001000
1100010011111011
1100010100001100
1100010100111111
1100010101011001
1100010101101010
1100010110011010
1100010110101001
1100010111001111
1100010111111100
1100011000010010
1100011000100001
1100011001000111
1100011001110100
1100011010000100
1100011010110111
1100011011010001
1100011011100010
1100011100010101
1100011100100110
1100011101000000
1100011101110011
1100011110000011
1100011110110000
1100011111010110
1100011111100101
1100100000011010
1100100000101001
1100100001001111
1100100001111100
1100100010001100
1100100010111111
1100100011011001
1100100011101010
1100100100011101
1100100100101110
1100100101001000
1100100101111011
1100100110001011
1100100110111000
1100100111011110
1100100111101101
1100101000000011
1100101000110000
1100101001010110
1100101001100101
1100101010010101
1100101010100110
1100101011000000
1100101011110011
1100101100000100
1100101100110111
1100101101010001
1100101101100010
1100101110010010
1100101110100001
1100101111000111
1100101111110100
1100110000000000
1100110000110011
1100110001010101
1100110001100110
1100110010010110
1100110010100101
1100110011000011
1100110011110000
1100110100000111
1100110100110100
1100110101010010
1100110101100001
1100110110010001
1100110110100010
1100110111000100
1100110111110111
1100111000011001
1100111000101010
1100111001001100
1100111001111111
1100111010001111
1100111010111100
1100111011011010
1100111011101001
1100111100011110
1100111100101101
1100111101001011
1100111101111000
1100111110001000
1100111110111011
1100111111011101
1100111111101110
1101000000001101
1101000000111110
1101000001011000
1101000001101011
1101000010011011
1101000010101000
1101000011001110
1101000011111101
1101000100001010
1101000100111001
1101000101011111
1101000101101100
1101000110011100
1101000110101111
1101000111001001
1101000111111010
1101001000010100
1101001000100111
1101001001000001
1101001001110010
1101001010000010
1101001010110001
1101001011010111
1101001011100100
1101001100010011
1101001100100000
1101001101000110
1101001101110101
1101001110000101
1101001110110110
1101001111010000
1101001111100011
1101010000010111
1101010000100100
1101010001000010
1101010001110001
1101010010000001
1101010010110010
1101010011010100
1101010011100111
1101010100010000
1101010100100011
1101010101000101
1101010101110110
1101010110000110
1101010110110101
1101010111010011
1101010111100000
1101011000001110
1101011000111101
1101011001011011
1101011001101000
1101011010011000
1101011010101011
1101011011001101
1101011011111110
1101011100001001
1101011100111010
1101011101011100
1101011101101111
1101011110011111
1101011110101100
1101011111001010
1101011111111001
1101100000000110
1101100000110101
1101100001010011
1101100001100000
1101100010010000
1101100010100011
1101100011000101
1101100011110110
1101100100000001
1101100100110010
1101100101010100
1101100101100111
1101100110010111
1101100110100100
1101100111000010
1101100111110001
1101101000011111
1101101000101100
1101101001001010
1101101001111001
1101101010001001
1101101010111010
1101101011011100
1101101011101111
1101101100011000
1101101100101011
1101101101001101
1101101101111110
1101101110001110
1101101110111101
1101101111011011
1101101111101000
1101110000011100
1101110000101111
1101110001001001
1101110001111010
1101110010001010
1101110010111001
1101110011011111
1101110011101100
1101110100011011
1101110100101000
1101110101001110
1101110101111101
1101110110001101
1101110110111110
1101110111011000
1101110111101011
1101111000000101
1101111000110110
1101111001010000
1101111001100011
1101111010010011
1101111010100000
1101111011000110
1101111011110101
1101111100000010
1101111100110001
1101111101010111
1101111101100100
1101111110010100
1101111110100111
1101111111000001
1101111111110010
1110000000011100
1110000000101111
1110000001001001
1110000001111010
1110000010001010
1110000010111001
1110000011011111
1110000011101100
1110000100011011
1110000100101000
1110000101001110
1110000101111101
1110000110001101
1110000110111110
1110000111011000
1110000111101011
1110001000000101
1110001000110110
1110001001010000
1110001001100011
1110001010010011
1110001010100000
1110001011000110
1110001011110101
1110001100000010
1110001100110001
1110001101010111
1110001101100100
1110001110010100
1110001110100111
1110001111000001
1110001111110010
1110010000000110
1110010000110101
1110010001010011
1110010001100000
1110010010010000
1110010010100011
1110010011000101
1110010011110110
1110010100000001
1110010100110010
1110010101010100
1110010101100111
1110010110010111
1110010110100100
1110010111000010
1110010111110001
1110011000011111
1110011000101100
1110011001001010
1110011001111001
1110011010001001
1110011010111010
1110011011011100
1110011011101111
1110011100011000
1110011100101011
1110011101001101
1110011101111110
1110011110001110
1110011110111101
1110011111011011
1110011111101000
1110100000010111
1110100000100100
1110100001000010
1110100001110001
1110100010000001
1110100010110010
1110100011010100
1110100011100111
1110100100010000
1110100100100011
1110100101000101
1110100101110110
1110100110000110
1110100110110101
1110100111010011
1110100111100000
1110101000001110
1110101000111101
1110101001011011
1110101001101000
1110101010011000
1110101010101011
1110101011001101
1110101011111110
1110101100001001
1110101100111010
1110101101011100
1110101101101111
1110101110011111
1110101110101100
1110101111001010
1110101111111001
1110110000001101
1110110000111110
1110110001011000
1110110001101011
1110110010011011
1110110010101000
1110110011001110
1110110011111101
1110110100001010
1110110100111001
1110110101011111
1110110101101100
1110110110011100
1110110110101111
1110110111001001
1110110111111010
1110111000010100
1110111000100111
1110111001000001
1110111001110010
1110111010000010
1110111010110001
1110111011010111
1110111011100100
1110111100010011
1110111100100000
1110111101000110
1110111101110101
1110111110000101
1110111110110110
1110111111010000
1110111111100011
1111000000000000
1111000000110011
1111000001010101
1111000001100110
1111000010010110
1111000010100101
1111000011000011
1111000011110000
1111000100000111
1111000100110100
1111000101010010
1111000101100001
1111000110010001
1111000110100010
1111000111000100
1111000111110111
1111001000011001
1111001000101010
1111001001001100
1111001001111111
1111001010001111
1111001010111100
1111001011011010
1111001011101001
1111001100011110
1111001100101101
1111001101001011
1111001101111000
1111001110001000
1111001110111011
1111001111011101
1111001111101110
1111010000011010
1111010000101001
1111010001001111
1111010001111100
1111010010001100
1111010010111111
1111010011011001
1111010011101010
1111010100011101
1111010100101110
1111010101001000
1111010101111011
1111010110001011
1111010110111000
1111010111011110
1111010111101101
1111011000000011
1111011000110000
1111011001010110
1111011001100101
1111011010010101
1111011010100110
1111011011000000
1111011011110011
1111011100000100
1111011100110111
1111011101010001
1111011101100010
1111011110010010
1111011110100001
1111011111000111
1111011111110100
1111100000001011
1111100000111000
1111100001011110
1111100001101101
1111100010011101
1111100010101110
1111100011001000
1111100011111011
1111100100001100
1111100100111111
1111100101011001
1111100101101010
1111100110011010
1111100110101001
1111100111001111
1111100111111100
1111101000010010
1111101000100001
1111101001000111
1111101001110100
1111101010000100
1111101010110111
1111101011010001
1111101011100010
1111101100010101
1111101100100110
1111101101000000
1111101101110011
1111101110000011
1111101110110000
1111101111010110
1111101111100101
1111110000010001
1111110000100010
1111110001000100
1111110001110111
1111110010000111
1111110010110100
1111110011010010
1111110011100001
1111110100010110
1111110100100101
1111110101000011
1111110101110000
1111110110000000
1111110110110011
1111110111010101
1111110111100110
1111111000001000
1111111000111011
1111111001011101
1111111001101110
1111111010011110
1111111010101101
1111111011001011
1111111011111000
1111111100001111
1111111100111100
1111111101011010
1111111101101001
1111111110011001
1111111110101010
1111111111001100
1111111111111111
