0000000000000000
0000000010110011
1000000001110101
0000000001100110
0010000010010110
0010001010100101
0000000011000011
0000000011010000
0001000101000111
0000000100110100
0000000100010010
0100000101101001
0000000110010001
0000001110100010
0000001111000110
0000000111110111
0001001000011001
0100011000101010
0000001001001100
0000011001111111
0010001010000111
0000001010111100
0000001011011000
0100001010101001
0000001100011110
0000101100101101
0001001101011011
0000001101111000
0000000110001000
0000001110101001
0000001111011101
0000001111101111
0000011100011010
0000010000101001
0000010000001111
0000010001111010
0000010010001100
0000010010110111
0000011010011001
0000010011101010
0000010100011001
0000110100001110
0000010101001000
0000110101111011
0000000110000011
0000010110111000
0000010111001110
0001010111001101
0000011000000011
0000011000010000
0000111000010110
0000011001100101
0000011010011101
0000011011101110
0000011011000000
0000011001110011
0001011100000101
0000011100110111
0000011100010001
0000011101010010
0000011110010010
0001011110100001
0101011111000111
0000011111110100
0000100000001010
1000100010111000
0000100001011110
0000100011101101
0000000010111101
0000100010101110
0000100011001100
0000000011111001
0000100100001100
0000100100011111
0001000101011001
0000100101101010
0000100110001010
0000101110101101
0000100111001111
0000110111111100
0010101000010011
0000101000100001
0100101001000111
0000101000110110
0000101010000100
0000111010110111
0000101011010010
0000101011100010
0000101100110101
0000101111100110
0000101101000000
0100101101110011
0000101111000001
0000101110110000
0000101111000110
0010101111110101
0000110000010001
0000110000101010
0100110001100100
0000110001110111
0001110010000111
0001110110110100
0000110011010010
0000111011100001
0001010100010110
0000110100100101
0000110101000001
0000110001110001
0000110110000000
0000110110010011
0100010111010101
0000110111100110
0000101000001000
0000011001111011
0000111001011101
0000110001101110
0000101010010110
0000111010101101
0001111011001011
0000111010111010
0000111100001111
0000111100110100
0000011101011011
0000111101101001
0100111110011001
0000111110100110
0000111111001100
0000101111111111
1001000000111100
0001000000101111
0001100001001001
0001010001111000
0001000010001010
0011000010111001
0001000101011111
0001000011101100
0101000100011011
0001000100011000
0001000101001110
0101000101111101
0101000110001100
0001000110111110
0000000111011000
0001001111101010
0001001000000101
0001001010110110
0001000101010000
0001001001100011
0001001010110011
1001001010100010
0001001011000110
0001001011100101
0001101100000000
0001001100110001
0011001101010111
0001101101100101
0001001110010100
0000001110100111
1001001101000001
0001001111110010
0001000000000110
0001110000111101
0001010001010011
0011010001100000
0001010110010001
0001010010100011
0001011011000101
0000010011110111
0001010100000001
0001000100110010
0001010111000100
0001010101100111
0001010110010110
1001010010100100
0001010111000010
0001010110110001
1001001000011111
0001011000101100
0001011000001010
1101011001111001
0001011010001001
0001011010111011
0001111011011000
0001011011101111
0001011100011010
0001011101101001
0001011101001101
0001011101111111
0100011110001110
0001011110111101
0001011111011111
0010011111101000
0001100000010111
0001100000110100
0011100000000010
0001100001110001
0001000010000001
0101100011110010
0001100011010100
1001100011100111
0001110101010000
0001100100100011
1001100101000101
0111100101110110
0001100110000110
0001100110111101
0001000101010011
0001100111100000
0001001000001110
1001101000110101
0001101001011011
0001101011101000
0001101110010000
0001101010101011
0001101011101101
0011101011111100
0001101100001001
0001101100111011
0001101111011101
0001101101101111
0001101110011101
0001111110111100
0001101111001010
0001101111101001
0101110010001101
0001110000111110
0011110001011000
0001110001101110
0001110010011011
1001110010101000
0001110011000100
0001110011111101
0001111100001010
0001010100111000
0001110101011111
0001110100101100
0001110110101100
0001110110101111
0001010111001001
0001010111111000
0001111000010100
0001111001100111
0101011001000001
0001111001110010
0001011010000010
0001111010110111
0001111011010111
0001111010100100
0001111100010110
0001111100100000
0011111101000110
0011111101110111
0001111110000101
0001111110110010
0001011111000000
0001111111100011
0010100000001101
1000000000111110
0010000001011000
0010000001001011
0010000011011010
0010000010101000
0010000011000110
0010000001111111
0010000100001010
0010000000111001
0010000101111011
0010000101101100
0010000111011100
0000010110101111
0010000111001001
0010000101111010
0010000000010000
0010001000100111
0011001001000001
0010001101110110
0010001010000010
0010001010100001
0000001111010111
0010001011100100
0010001100000011
0001001100100000
0010001101000110
0010000101110101
0010101010000101
0010001110110110
0010001111010100
0010001110110011
0010010000010111
0010010001100100
0010010000010010
0010010001110001
0010010110000001
0010010110110000
0010010011010100
0010000011100111
0010010110010100
0010010100100011
0010010101000111
0010010101000110
0010010110000110
0010000110110101
0110010111010001
0010010111100000
0110011000001110
1010010000111101
0010011001011011
0011011001101000
0010010010011001
0010011010101011
0010010011001101
0010111011111010
0010011100001001
0010010100111010
0011011101111100
0010011101101111
1010011110011111
0011011110101000
0010011111001010
0010011111111000
0010100010000010
0010100000110101
0010100000010011
0010001001100000
0010100010010000
0010100011100011
0010100011100111
0010100011110110
0000100100000001
0110100100100010
0010100101010100
0010100101100101
0010101110000111
0010100110100100
1010100111000010
0010100011100001
0010101000011111
0010101000001100
1010101001011010
0010101001111001
0010101110001001
0010100010101010
0010101011011100
0010100011101111
0100101100011000
0010101100101011
1010101101001101
0010001101101110
0010101110001110
0010100110111101
0010101011011001
0010101111101000
0000110000011100
0110110010101111
0010110001001001
0010110001111110
0010111010001110
0010110010111001
0010100011011111
0010100011101110
0010110100011011
0010110100101010
0110010101001110
0010110101111101
0010110110001001
1011110110111110
0010110111011000
0010110111101001
0010011000010101
0010111000110110
0010111011010000
0010111101100010
0010111010010011
0010011010100000
0010111111010110
0010111011110101
0010110100000010
0100111100110001
0010111101010111
0010111111100100
0010111100000100
0010111110100111
0010111111000101
0010111011100010
0011000000010001
0011000100100010
0010000001000110
0011000001110111
0011000011000111
0001000011110100
0011000011010010
0011000001100001
0010000101010110
0011000100100101
0001000101000011
0001000101110010
0011000110000000
0011000100110011
1011000011010101
0011000111100110
0011000000001000
0111000000111011
0011001001011101
0011001001100110
0011001010110110
0011001010101101
0011101011001011
0011001001011000
0011001100001111
0011001100111101
0011001011011010
0011001101101001
0011011110011001
0011001110100110
0011001111001100
0011001110111111
0010110000001011
0011010000111000
0111010001011110
0011010001111001
0011010010011101
0011010010001110
0011011011011000
0011010011111011
0011010100001110
0011010100001111
0011010101011001
0011010100101010
0111010010011010
0011010110101001
0011010111011111
1011010111110100
0011011000010010
0011001000100001
1011011011000111
0011011001110100
0011001010000100
0001011010010111
0011011011010001
0111011011100010
0011011110010001
0011011100100110
0010011101000000
1011011100110011
0011011110000011
0011011110110100
0011111111010010
0011011111100101
0011100100011010
0011100001101101
0011100001001111
0001100001111100
0011100010011000
0011100010111111
0011100001011001
1011100001101010
0011100100011101
0010100100101110
0001100101001010
0011100101111011
0111100110001011
0011000010111000
0011100111011110
0011100111111101
1011101100000011
0011101000110000
0001101001010110
0010101101100101
0011101010010101
0001101010100110
0011101011100001
0011101011110011
0011101100001100
1011101100110101
0011101101010001
0011001101100010
0101101110010010
0011101110100001
0011111111000111
0011111111100100
0011110000000000
0011110000010011
0011110011010100
0011110001100110
0001110010010110
0111110010100111
0011110011000011
0011110011110100
0001110000000111
0011110100110100
0011110101010011
0010110101110001
0011110110010001
0011110110100011
0111110110000100
0011110111110111
0011111000011011
0011111010100010
0011111001001100
0011111001101111
1011111010101111
0011111010111100
0011111011001010
0011110011101011
0011111100011110
0011011100101101
0011010101001011
0011111101111000
0111111110001000
0110111110111011
0011111111011101
0011111101101110
0110000000001010
0100000000111101
0100000001011010
0110000001111000
0100000010011000
0100100010101011
0100001011001001
0100000011111110
0100000100001011
1100000100011010
0100000101011100
1100000101101111
0100000010011101
0100000110101100
0100000111001000
0100000010111001
0100001000010111
0110001000100100
0101000001000010
0100001001110001
0100001010100001
0101001010110000
0100001011010100
0100001001100111
0100101100010010
0100001100100011
0100101101000101
0000000101110110
0100001110000110
0100001100110101
0100101111010001
0100001111100000
1100010000010100
0100010001101111
0100010001000001
0110010001110010
0100000010100010
0100010010110001
0100010011011111
0101010011100101
0100010100010011
0000010100100000
0101011101000110
0100010101110101
0110010110000101
0101010110010110
0100010111010000
0100000111100011
0100011100001001
0100011000111110
0100011001011100
0101011101101011
0100011010011011
0100011010100000
0100011111011110
0100011011111101
0100111100001010
0101011100111101
0100011101011111
0100011101100100
0000011110001100
0100011110101111
0100011011001001
0100010110111010
0100100000000101
0100000000110110
1100110001010000
0100100001100011
0100100010010001
0000101010100000
0100100011000110
0100000011110101
0100100100000001
0100100100110001
0100100101010011
0100100101101101
0100100110010100
0100100010100111
0100000111000101
0100100111110010
0100111000011100
0110101000101011
0100101001001001
0100101001101010
0110101011001010
0100101010111001
0101101011011111
1100101001101100
0100101100011011
0100101100001000
0101001101001110
0100101101111101
0110101110001101
0100101110101111
0100101111011000
0100101111001011
0100110100011011
0100110000101100
0100110001101010
0100011001111001
0100110010001001
0100110110111010
1100111011011100
0100110011101111
0100110000011000
0100110100100001
0100110101001101
0100110001111110
0101100110001110
0100110110111101
1100110111011011
0001110111101000
0100111000000110
0100101000110101
1100111001000011
0100111001100000
0000111010010000
0100111000100001
0100111011000101
0100101011110110
0100111101100001
0100111100110010
0100101101010100
0001111101100111
0100111110010111
0100110110100100
0101110111000010
0100111111110001
0101100000010010
0101100000000001
0101000001000111
0101000001110101
0111010010000100
0101000010110111
0101000011011001
0101000011100100
0101000100010101
1101000100100110
0111000001000000
0101000101110011
0101000110100011
0101000110111100
0101000111010110
1101000111100101
0101001000001000
0101001000111000
0100001001011110
0101101001111101
0101001010011101
0111001010101110
0001001111001000
0101001011111011
0101011100001100
0100001100110111
0101001101011001
0101001101101110
0101101010011010
0101001110101001
0101001111001101
0101001101111000
0101010000001000
0101011000111011
0100010001011100
0101010001101110
0101010110011110
0101010010101011
0101010011001011
0101010010111000
0101011100101111
0101010100111100
0101011101011010
0101000101100001
0101010110011001
0100010110101010
0101010101001110
0101010111111111
0101011000000001
0101011000001010
0101011001000100
0101001001110111
0101001110000111
0101011010110100
0101011011010000
0001001011100001
0101011100010110
0101011100100001
1001011101000011
0101011101110000
0100011110000000
0100011110010011
0101011111010101
0101011111101110
0101100000001000
0101100000101010
0101101001001100
0100100101111111
0101100010001111
0101100000111100
1101100011010010
0101100011101001
0101100100111110
0101000000101101
0101100101001011
0101100101011000
0011100110001000
0101100110111011
0101100111001101
0101100111011110
0101101000000000
0101101000100011
1101101001011101
0101101001100110
0101101010010111
0101101010111101
0101101011000011
0101101011110100
1101100100000111
0101101100110100
0101100101010010
0101100101101001
0101101110010001
0101100110100010
0101101111001101
0101101111110111
0001110000000011
0101111000100000
0101110001010110
0101010001100101
0100110011010101
0101110010100110
0101110011000100
0101110111110001
0101110100000100
0101110100010111
0101110101110101
0101110101100010
0101110110000010
0101110110111001
0101110111000111
0101110111110000
0100111000011000
0101111000101001
0101111101001111
0101011001111110
0101111010001100
0101110010111111
0101111011111011
0101111011101010
0101111100001101
0101111100011110
0101111101001000
0101111100111011
0100111110101011
0101111110111000
0101111111111110
0101011111101001
0110000000000011
0111000000110000
0011000001010110
0110000001100101
0110001010010101
0110010010101110
0110000011000000
0110000011110111
0100001100000100
0110000100110111
0110000101000001
0010000100100010
0110000110010010
0110100110100001
0100000111100111
0110000111110100
1110001000011010
0110001001101011
0110001001001111
0100001001111100
0111001010000100
0110001010111111
0110101011011001
0110000010101010
0110001100011101
0111001100101110
0110011111001000
0110001101111011
0110001110011011
0111001110101000
0110001111011110
0110001111101111
0110010000010011
0110010000101010
0110010101001100
1110010101111111
0110010010001111
0111010010111100
0110000011111010
0110010011101001
0110010100011111
0110010100100100
0110010101001011
0110011101111000
0000010110001000
0110010110111011
0110010101011101
1110010111001110
0110011000000000
0110111000110011
0110111001010001
0110011001100110
0100011010010110
0110011011100100
0110011011000011
0010011011110000
0110001100000101
0110011100110100
0110011101010110
0111001101100001
0110011110010001
0111011110100010
0110011100000100
0110011111110111
0110101000001000
0110110000011011
0110100001011101
0110100011101110
1110100011011110
0110100010101101
1110100011001011
0110110011111010
0110100100001111
0110100100111110
0110101111011010
0110100101101001
0010100110011001
0111100110101110
0110100111001100
0110100111111101
0110101000000011
0110101000100010
0110101001000101
0110101101110110
0110101010000111
1110101010110100
0110101011001010
0110101011100001
0100101100010110
0110001100000101
0110101101000011
0110101001110000
0010111110000000
0110101110110011
0110001111010101
0111101111000110
0110110000010010
0110110000000001
0110110101010111
0110110001110100
1110110010000100
0110110000110110
0110110011010001
0110110001100010
1110100100010101
0110110100100110
1110110101000000
0110111101111011
0110110110000011
0110111110110000
0110111111000110
0110110111100101
0110111000011011
0110111001111100
0110111001011110
0110111001101111
0110011010011001
0110111010101110
0110101011001000
0010111011111001
0110111100001100
1110111100111111
0110111101011111
0110111101101010
0110101110011010
0110111110100101
0110111111001111
0110111110111100
0111000010011110
0111000000101100
0111000101001010
0111000000111011
0111000010001001
0111000010110010
0110000011001100
0111000011101111
0111000100011001
1111000000101011
0111000101001101
0111100101111110
1111000110101110
0111000110111101
0111000011011011
0111000110101100
0111001000000110
0110001000110101
0111001101010010
0111001001100000
0111001011010000
0111101000100011
0111001011000101
0101001011110110
0111000100000000
0111001100110010
1111001101010100
0111000001100111
0111001110010111
0101001110100100
0111011111010010
0111001111110001
0111010010000101
0011010000111110
0111010001010000
0111010101100011
1111011010010011
0111010010100000
1111010011000110
0101010011110100
0111010100000010
0111010100100001
0101110101010111
0111010101100100
0111010110010110
0011010110100101
0111010111000001
0111010111110011
0111001000011110
0111011000101111
0111011001001000
0111011001111001
0111011010001010
0111001010111001
0110011010011111
0111011011101100
0101011100011011
0101011100111000
0111011101001110
0111011101111001
0111011111001111
0111011110111110
0110011111011000
0111010111101111
0111100000010100
1111100000100111
0111100001010101
0111100001110010
0111101010000010
0101100010110000
0111100011010111
0111100010100100
0111000110010011
0111100100100000
0111100101000100
0111110101100101
0111100110000101
0111100110110100
0111100100010000
0111100111100011
0111101000101101
1111101000101110
0111101001011000
0111101001100011
1111101010011001
0111101010101000
0111101111001110
1111101011111100
0111101100001010
0111101110111001
0111101101001011
0111101101101100
1111101110011100
0111100110111111
0111101111001001
0111101011111010
0111110110001110
0111110000111101
0101110001011011
0111010001111000
0111110010011000
0111110010100011
0011110010001101
0111110011111110
0011110100001001
0111010100101010
0111110101011100
0101110101101111
0111110110001011
0111110110101100
1111110111001010
0011110111101001
0111111000010111
0111111000100101
1111111101000010
0111111001110001
1111111010000001
1111111000110010
0111111011010100
0011111011100111
0111111101010010
0111111100100011
0111111101010101
0111111101010010
0111111110000110
0111111110110001
0111111111100011
0111111111100000
1000000001011111
1000000100001100
1000000001001010
1000000001111101
1100000110001001
1000000010111010
1000001011011100
1010001011101111
1000000100011000
0000000100101011
1000000101000100
1000000101111110
1000001110001110
1000000100110101
1000000111011011
1010000111101000
1000001101000110
1000001000110101
1000001001010010
0000000001100000
1000001010010000
1000001011100011
1000001011101101
1000001011110110
1100001100000001
1000001001110010
1000001101010100
1100001101100111
1000111110010111
1000001110100100
1100001111000010
1110001111110001
1000010000000101
1000010000110010
0000011001010000
1000010001100011
1001010010010011
0000010010101000
1000010011000110
1001010011110101
1000010000000110
1000010100110001
1000010111010111
0000010111100100
1000010110010100
1000010110100011
1000010110100001
1000010111110010
0000011000011100
1010011000101011
1000011001001001
1010011001111010
1000101010001010
1000011010111001
1000001011011111
0000011010101100
1000011100011011
1000001100101000
1000110101001110
1000011101111101
1001011110001101
1001011110110110
1000011111011000
0000011111101011
1001000000010100
1000100000100111
1010100001000001
1000000001111010
1000100010000010
1000100010110000
1010101011010111
1000100011100100
1000100110010011
1000100110101000
1000100101000110
1000110101110101
1000101111000101
1000100110110110
1001100111010000
1100100111100001
1000101000001101
1000101000111010
0000101001010000
1000101001101011
0000101010011011
1000101011100000
1000101011001110
0000101011111101
1000101101001000
1000101100111001
1000101001011111
1000100101101000
1000101110011100
1001101110101111
0000101110001001
1000101111111010
1000110000000110
1000010000111001
1000110001011011
1000110001101100
1001110010011010
1000110010101011
1000110011000101
1100111011111110
1000110100001001
1000110100111110
1000010101011101
1000110101101111
1000110110011110
1000010110101000
1000110111001010
1000110111101001
0100111000010111
1000111000100100
1000111001000000
1001111001010001
1000111010000001
1000101010110010
1000111010010110
1000111011100111
1000011100010000
1000111100111011
1000111101000101
1100111101110110
1000111110010010
1000111110110101
1000111011010011
1000111111110100
1001000000000011
1001000000100000
1001000001100110
1001000001100101
1001000010000101
1001100010100111
1001000011000000
1001100011110011
0011000100000100
1001000100110111
1001010101010001
1011000101110010
1001000110010010
1001001110100001
1010000111000111
1001000111110100
1001001000011110
1001101000001001
1001001001001111
1001001001111000
1001000010000100
1001001010111111
1001001010011001
1101001011101011
1001001100011101
1001001100101111
1001001101011010
1001001101111011
1001001110011011
1000001010111000
1001001111011110
1001001101101101
1001011000001001
1001010000101010
0001010001001100
1001010101101111
1001010010001111
1001010110111100
1001010001011110
1001010011101001
1001010000011110
1001111100101101
1001010101001011
1001010001111000
1001011010001000
1001010110111011
1001010111011111
1101010111001110
1001011000000000
0001011000110011
1011011011010101
1001011001100110
1001011010010010
0001011110100101
1001011011000011
1001011011110010
1001011101001111
1001011100110100
1011011101010010
0001001101100001
1001011110010001
1001011110110010
1001011011000000
1001011111110111
1101100000001000
1101100010111011
1001100001011101
1001100011101110
1011100010011010
1001100010101101
1001100011101011
1000101011111000
1001100100001111
1001100100101100
1011100100011010
1001100101101001
0001100110011001
1010100110101010
1001100111001100
1001100111101111
1001100100010001
1001101000100010
1001111001000100
1011001001110111
1001101010000111
1001101011110100
1011101011010011
1001101011100001
1001101100010010
1001000100100101
1001101101000011
1001101100110000
1001101110110000
1001101110110011
1101101111010101
1001101111000111
1001110000010010
1001110010100001
1001110001100101
1001110001110100
1001110011000100
1001010010110011
1001110011010001
1101110011100010
1001110101011101
1001110100100110
1001111101000000
0001110001110011
1001110110000011
1001110110111000
1001100111110110
1001110111100101
0001111000001011
1000110000111000
1001111001011110
1001111001001101
1101111010011100
1001111010101110
1001111011101000
1101111011110011
1001111100001100
1001111100111110
1001011111011001
1001111101101010
1001111100011010
1011111111101001
1001111111001111
1001111111111101
1010110000010010
1010000000100001
1010000001000101
1010000001011100
1010000010000100
1010000010110110
1010000010000001
1010000011100010
1010000100010100
1110001100100110
1010000101000000
1000000101110011
1010001110100011
1010000110110000
1010100111010110
0110000111100101
1010001000001011
1010001000101000
0010001000011110
1010001001101101
1010001010011100
1010001010011110
1010001011001000
1010000011111011
1000001100000100
1010001100111111
1011001101011001
1010101101001010
1010001110011010
1000001110101001
1010101011001111
1010001111111100
1010010010001000
1010011000111001
1010010001011101
1011010001101110
0110010010011110
1010010010101101
1010010011000011
1010010001110000
1010010100001111
1010010101111100
0000010101011010
1010010101101001
1010010110011101
1010000111101010
1010010111001100
1010010111011111
0010011000110001
1010011000100010
1010011001000110
1010011100110111
1010011010000111
1010011000110100
1010011111010110
1010011011100001
1011011100010110
1010011100110111
1010011101000011
1010011101110100
1010011110010100
1010011110110011
1010011110010101
1000011101100110
1010100000011001
1010101000101010
1010100011001000
1010100001111111
1010100000001111
1010000110111100
1010100011011010
1010100001101001
1010110000011110
1010100100101101
1010100101001111
1010000111111000
1010100110001000
1010100100111011
1011110111011101
1010100111101110
1010101000100000
1010101000000011
1010101001010101
1000101001100110
1011101010010111
1010101010100101
1010101011100011
0010101011110001
1010101100000111
1010101100010100
1010011101010010
1010101101100001
1010101110010000
1010001100100010
1010101111000100
1010101110110111
1010010000001011
1010110000110000
1010110001010100
1110010001100101
1010110010010101
1010100010100110
1010100010000000
1010110011110011
1010110000000100
1011110100100111
1010110101010001
0010110101100010
1010100110110010
1010110110100001
1000110111000111
1011110111100100
1010111000011010
1010111001101001
1010011001000111
1010111001111100
1010111010011100
1000111011111111
1010111011011001
1010111011111010
1010111110001101
1010111100101110
1010011101001000
0010111001111011
1010111110001011
1010101110111000
1010011111011100
1010111111101101
1010000000001110
1011000010110101
1011000001011011
1011000000101000
0011010010011000
1011000010101011
1011000011001001
1111000011111100
1011000100001001
1011000100011010
0011010101011100
1011000101101111
1111000110011111
1011110110101100
1011000111001010
1011000111011001
1011001000100111
1011001000100100
1011001001100010
0011000001110001
1011001010000001
1011101010110010
1011000111010100
1011001011100111
1011001110010000
1010001100100001
1011001101000101
1010001101110110
1010001100000110
1011001110110101
1011101111010011
1110001111100000
1011010000010100
1011010000100110
1001000001000001
1011010001110010
1011010010000011
1011010011110101
1011010011010111
1011010001100100
1011110100010001
1011010100100000
1011110101000110
1001011101110101
1011010110000101
1011010110111110
1111110111010000
1011010111100011
1011011000000101
1011001100111110
1011011001011000
1011111001101011
1010011010001011
1011011010101000
1011011011000110
1011111001111101
1011011100001010
1011111100111001
1010011101111111
1011011101101100
1001011110011100
1011101110101111
1011011111001001
0011011111111010
1011100001100101
1011100000110110
1001100001010000
1001100001000011
1011100010010011
1011100010110000
1011100010000100
1011100011110101
1011100100000000
1011100100011001
1011100101010111
1001100101100100
1010100010010100
1011100110100111
1011110111000001
1010100111110011
1011101000011100
1011101000100111
1011100001001101
1011101001111010
1011101010001011
1001101010111011
1011101011011111
1011101011100100
1011101100000011
1011101100101000
1011101101000110
1011101111111100
1011101110001101
1011101110011110
1010101101011000
1011101111101011
1011111000011111
1010100000101100
1011110001001010
1011110001101001
1011110010001111
1011110010111010
1001110011011100
1001110011001111
1011110100011000
1011110100111011
1001110100001101
1011110101111110
1011110110000110
1111110111111101
1011110111011011
1011110110101000
1001011000000110
1011111000110101
1011111011010011
1011111001100101
1011111010010000
1011111110100011
1011101010000101
1011111011110110
1011011100000001
1011110100110000
1011111101010100
1011111101101111
1011111100000111
1011111110100100
1111111111000010
1011111110010001
1100000000010001
0100000000100010
1101000001010100
1100000001110111
1100000110000111
1110000010111100
1100000011010010
1101000011100001
1101000110010110
1100000100100101
1110000101000011
1101000100110000
1100000110000000
1110000110110011
0110000111010101
1100000111100110
1100001000001100
1100001001110011
1100001001011101
1101001001101110
1000001010011010
1100001010101101
1100011011001011
1100000011101000
1100001100001111
1100001100111101
0100001101001010
1100001101101001
1110001110011001
1100001110000010
1100001111001100
1100001111110111
1101110000001011
1100010000111000
1100010001011111
1000010000101101
1100010010011101
1100010010100110
1100010011001011
1100010011111011
1100011100001100
1100000110111111
1100010101011001
1100010111101010
1101010100011010
1100010110101001
1101010111001111
1100011111011100
1100011000010010
1100011100100001
1110111001000111
1100011001110100
1000011010000100
1001011010110111
1100011011010001
1100011011101010
1000011000010101
1100011100100110
1100011111000000
1010011101110011
1100011110000011
1100011100110000
1100011001010110
1100011111100101
1100000000011010
1100101000001001
1100100001001111
1100100001101100
0100100010001101
1100100010111111
1100100011011101
1100000011101110
1100100100011101
1100110100101110
1100100100011000
1100100101111011
1100100110101011
1000100110111010
1100100111011110
1100100111101001
1101101001000011
1100101000110000
0100101001010110
1100101000100001
1100101010010101
1100111010100110
1010101011000000
1100101011110011
1100101110000100
1100101010110111
1100101101010001
1100101001100010
1010101110010010
1100101110100001
1100101101000111
1100100111010100
1100110000000000
1110110000110011
1101110001010001
1100110001100110
1000110010010110
1100110010110111
1100110011000011
0100110011110000
1100010100000011
1100110100110100
1100110101000010
1100110001101001
1100110110010001
1100110110101010
1100111111100100
1100110111110111
1000111000011001
1100101001101010
1100111001001100
1100111000111111
1100111010001100
1100111010111100
1100111011111010
1100111011000001
1100111100011110
1101111100101101
1100110111001011
1100111101111000
1100111110001010
1100011110111111
1100111111011101
1000111111101110
1101000000001110
1101000000111110
1101100001011000
1101100101101011
1101000010011011
1101000010101010
1101000011001011
1101000011111101
0101000100001010
1101000110111000
1101000101011111
1101001101101100
1101000110110100
1101000110101111
1101000011001001
1111010111111010
1101001000010100
1101001100100111
1101101001000101
1101001001110010
1101001000000010
1100011010110001
1101001011010111
1101000011100100
1101001111010011
1101001100100000
1101000101000110
1101000101111101
1101001110000101
1101001010110110
0001001111010000
1101001111100011
1101010000000111
1101000000101100
1101010001000010
1101010001111001
1101110010000011
1101010010110010
1101010011010110
0101010111100111
1101010100010000
1101011100100011
1101010101001100
1101010101110110
1101000110000110
1101010100100101
1101010111010011
0101010111100000
1101111000001010
1101011000111101
1101011011011011
1101011011101001
1101011010011000
1101001010101011
1101011011000001
1101011011111110
1101011000001001
1111111100111010
1101011101011100
1101011001101111
1001011110011101
1101011110101100
1001011111001010
1001011111111101
1101100000000110
1101100010110101
0101100001011011
1101100001100000
1101100110010000
1101110010110011
1101100011000101
1101100011110010
0101110100000001
1101100100110010
1101100101110100
1101100001100101
1101100110010111
1111100110100100
1101100111001000
1101100111110001
1101100000011111
1101101100111100
1101101001001010
1101101001111101
1101101010101011
1101101010111010
1101101011011101
1111101011001111
1101101100011000
1111101100101011
1101111101001001
1101101101111110
1100101110001110
1111101110110101
1101101111011011
1101101111101001
1100110000010100
1101110000101111
1101110001001011
0101110001111110
1101110010001010
1101110110111001
0100110011011111
1101110011101100
1101110000011011
1101110110001000
1101110101001110
1101111101111101
1001110010001101
1101110110111110
1001110111011000
1001110111101010
1101111000000101
1101111000110111
1100011001010000
1101111001100011
1100111010010011
1001101010100000
1101111011000110
1101111011100101
1100111101000010
1101111100110001
1101011101010111
1100011101100100
1101111110010100
1101111100100111
1001111111000011
1101111111110010
1110000000011110
1110000000111110
1110000001001001
1110000001111011
1110010110001010
1110000010111001
0110000011011111
0111000011101100
1110000100011011
1110010100101000
1110010101001111
1110000101111101
1110000110000101
1100000111111110
1110000111011000
1110000111101111
1100001000000001
1110001000110110
1110011001010000
1110101001100001
1110001010010011
1111001010100000
1110001010100110
1110001011110101
1100001100000010
1110001100010000
1110001101010111
1110001101100110
1110001110100100
1110001110100111
1110001111000101
1100001111110110
1110010000000110
1110010000111101
1100010001000011
1110010001100000
1110010010011000
1010010010100111
1110010011000101
1110010001110110
1110010101001001
1110010100110010
1110010101000100
1110010111110111
1110010110010111
1110110110100100
1100010111000000
1110010111110001
1111011000011111
1110010100101100
1110011001001010
1110011001111101
1110011010101101
1110011010111010
1110011011011110
1111011001101111
1110011100011000
1110011100101010
0110011101101101
1110011101111110
1110011110001100
1110011110101001
1110011111011011
1110011111100000
0110101000010111
1110100000100100
0110100001000010
1110100001100011
1110100010000001
1110100010100010
1110000010010100
1110100011100111
1110100100010010
1110100110000011
1110100101000101
1110000101110110
1110000100000110
1110100110110101
1110100110010011
1010100111100001
1110101000001110
1110001000111101
1110101011111011
1110101001101000
1110101000011000
1010101010100011
1110101011001101
1110101011111111
1110011100001001
1110101100111010
1110101101111100
1110101101110111
1110101110011111
1110100110101100
1110101101101010
1110101111111001
0110110000001101
1110110100110110
1110110001011000
1110110001001011
1110110111011011
1110110010101000
1110110011001100
0110110011111100
1110110100001010
1110110101111001
1110100101011011
1110110101101100
1110110010011100
1110010110001111
1110110111001001
1110100111111010
1110111001010110
1110111000100111
1110111001000101
1110011000110010
1110111010000010
1110111000110001
1101111011010111
1110111011100100
1110110100010011
0110111100100001
1110111101000110
1110111111110101
1110111110000011
1110111110110110
1111111111010000
1110101111101011
1111000000000000
1111001000110011
1011000101010101
1111000001100110
1101000010010110
1111001010000101
1111000011000011
1111000011010000
1111000001000111
1111000100110100
1111000111010010
1111001101101001
1111000110010001
1111000110101010
1111010011000100
1111000111110111
1111001010011001
1111001110101010
1111001001001100
1111001101111111
1101001010001101
1111001010111100
1110001011011010
1011001011001001
1111001100011110
1111001000101101
1100001101001011
1111001101111000
1111101110001000
1111001100111001
1111001111011101
1111000111101110
1111010000011001
1111010000101001
1111010011001111
1111010001111111
1111010010001100
1111010010111110
1110010011010001
1111010011101010
1101010100011101
1111010010101110
1111010101001000
1111010101101011
1111010110011001
1111010110111000
1111010111011010
1111000111001101
1111011000000011
1111011000100000
0111011001110110
1111011001100101
1111011000010101
1101001010100110
1111011011000000
1111011011110010
1011011110000100
1111011100110111
1111011101011001
0111010101100010
1111011110010010
1111010110100001
1110011111000101
1111011111110100
1111100010001011
1111000010111000
1111100001011110
1111100001101001
1111001010011101
1111100010101110
1101100011001000
1111100011100011
1111100100001100
0111100100111111
1101100101010001
1111100101101010
1111100110001010
0110100110101001
1111100111001111
1111100110111100
1111101001000010
1111101000100001
0111101001000111
1111111001111100
1111101010000100
1111101011110111
1111110011010001
1111101011100010
1111101100000101
1110001100100110
1111101101000000
0111101101110011
1111111110000111
1111101110110000
1111101110010110
1111101111000100
1111110000010001
1111110000100110
1111110011000110
1111110001110111
1111110010000110
1111110011111100
1111110011010010
1111010011100001
1101110000010110
1111110100100101
1111111101000011
1101110001110000
1111110110000000
1111110110110010
1111110111000001
1111110111100110
1111111100001000
1111001000111011
1111111001011101
1111111001101100
1111101011011110
1111111010101101
1110111011001011
1111011011111001
1111111100001111
1111111100111000
1011111101001010
1111111101101001
1111111110011000
1110111110101011
1111111111001100
1111111111101111
